,difficulty,nodes,time
0,5,3,0.103
0,5,3,0.103
0,5,3,0.107
0,5,3,0.101
0,5,3,0.111
0,5,10,0.121
0,5,10,0.113
0,5,10,0.115
0,5,10,0.101
0,5,10,0.116
0,5,20,0.167
0,5,20,0.187
0,5,20,0.256
0,5,20,0.168
0,5,20,0.159
0,10,3,0.122
0,10,3,1.223
0,10,3,0.249
0,10,3,0.224
0,10,3,0.226
0,10,10,0.161
0,10,10,0.18
0,10,10,0.148
0,10,10,0.167
0,10,10,0.159
0,10,20,0.169
0,10,20,0.199
0,10,20,0.15
0,10,20,0.178
0,10,20,0.183
0,15,3,5.264
0,15,3,4.775
0,15,3,8.781
0,15,3,6.179
0,15,10,6.27
0,15,10,1.369
0,15,10,1.588
0,15,10,2.235
0,15,10,1.335
0,15,20,1.635
0,15,20,1.408
0,15,20,1.172
0,15,20,2.073
0,15,20,1.993
0,18,3,52.562
0,18,3,33.762
0,18,3,1.351
0,18,3,44.31
0,18,3,44.831
0,18,10,24.465
0,18,10,23.409
0,18,10,10.04
0,18,10,7.641
0,18,10,15.753
0,18,20,3.905
0,18,20,17.865
0,18,20,15.906
0,18,20,11.939
0,18,20,7.94
